{
 "cells": [
  {
   "cell_type": "markdown",
   "metadata": {},
   "source": [
    "# Assignment 1: Numpy"
   ]
  },
  {
   "cell_type": "markdown",
   "metadata": {},
   "source": [
    "Perform the follwing tasks:\n"
   ]
  },
  {
   "cell_type": "code",
   "execution_count": 30,
   "metadata": {},
   "outputs": [],
   "source": [
    "#3.1: import the numpy library\n",
    "import numpy as np "
   ]
  },
  {
   "cell_type": "code",
   "execution_count": 31,
   "metadata": {},
   "outputs": [
    {
     "data": {
      "text/plain": [
       "array([[0.72466823, 0.76874213, 0.46946658, 0.38452872, 0.65002607,\n",
       "        0.1935412 , 0.28105342, 0.11202868, 0.28136105, 0.84716744],\n",
       "       [0.94975254, 0.54122725, 0.86911822, 0.82098849, 0.71375751,\n",
       "        0.04494956, 0.18470491, 0.63953579, 0.93379753, 0.84249064],\n",
       "       [0.55399988, 0.53418739, 0.15572571, 0.18623306, 0.68529762,\n",
       "        0.1072038 , 0.06473885, 0.03107778, 0.76674963, 0.45258857],\n",
       "       [0.19610191, 0.07325791, 0.54530162, 0.50179421, 0.75607524,\n",
       "        0.44578219, 0.4726322 , 0.92993215, 0.30906205, 0.24139539],\n",
       "       [0.57260859, 0.88641432, 0.70890948, 0.29783216, 0.46003994,\n",
       "        0.42919193, 0.20733579, 0.4657254 , 0.41032042, 0.27950923],\n",
       "       [0.78190211, 0.36090511, 0.45510461, 0.13079012, 0.40212863,\n",
       "        0.69128766, 0.75191612, 0.01858772, 0.39831292, 0.60809723],\n",
       "       [0.78171821, 0.68437466, 0.51508435, 0.47211988, 0.13495441,\n",
       "        0.03037381, 0.77187895, 0.71631918, 0.27964294, 0.9408168 ],\n",
       "       [0.79620241, 0.35661248, 0.5282907 , 0.97701661, 0.7626569 ,\n",
       "        0.48910064, 0.93418311, 0.17014004, 0.91174324, 0.06842232],\n",
       "       [0.74196974, 0.686674  , 0.4790147 , 0.60927648, 0.16927089,\n",
       "        0.02861598, 0.41681629, 0.24412152, 0.71781086, 0.26070757],\n",
       "       [0.05641512, 0.49623364, 0.17053793, 0.39620865, 0.85141609,\n",
       "        0.76183626, 0.45355307, 0.81745594, 0.70804227, 0.04912798]])"
      ]
     },
     "execution_count": 31,
     "metadata": {},
     "output_type": "execute_result"
    }
   ],
   "source": [
    "#3.2: create a random 10x10 array named A\n",
    "A = np.random.rand(10,10)\n",
    "A"
   ]
  },
  {
   "cell_type": "code",
   "execution_count": 35,
   "metadata": {},
   "outputs": [
    {
     "data": {
      "text/plain": [
       "array([[0.72466823, 0.76874213, 0.46946658, 0.38452872, 0.65002607,\n",
       "        0.1935412 , 0.28105342, 0.11202868, 0.28136105, 0.84716744],\n",
       "       [0.55399988, 0.53418739, 0.15572571, 0.18623306, 0.68529762,\n",
       "        0.1072038 , 0.06473885, 0.03107778, 0.76674963, 0.45258857],\n",
       "       [0.57260859, 0.88641432, 0.70890948, 0.29783216, 0.46003994,\n",
       "        0.42919193, 0.20733579, 0.4657254 , 0.41032042, 0.27950923],\n",
       "       [0.78171821, 0.68437466, 0.51508435, 0.47211988, 0.13495441,\n",
       "        0.03037381, 0.77187895, 0.71631918, 0.27964294, 0.9408168 ],\n",
       "       [0.74196974, 0.686674  , 0.4790147 , 0.60927648, 0.16927089,\n",
       "        0.02861598, 0.41681629, 0.24412152, 0.71781086, 0.26070757]])"
      ]
     },
     "execution_count": 35,
     "metadata": {},
     "output_type": "execute_result"
    }
   ],
   "source": [
    "#3.3: return only the odd rows of A\n",
    "A[::2]"
   ]
  },
  {
   "cell_type": "code",
   "execution_count": 33,
   "metadata": {},
   "outputs": [
    {
     "data": {
      "text/plain": [
       "array([[0.52514404, 0.73011479, 0.26008443, 0.07540682, 0.37221051,\n",
       "        0.15133028, 0.21970457, 0.0891975 , 0.20876138, 0.04779306],\n",
       "       [0.73011479, 0.29292694, 0.46427199, 0.0601439 , 0.63268488,\n",
       "        0.01622253, 0.12640736, 0.22806645, 0.64121449, 0.4180722 ],\n",
       "       [0.26008443, 0.46427199, 0.0242505 , 0.10155319, 0.48581398,\n",
       "        0.04878894, 0.03334597, 0.0164181 , 0.36728435, 0.07718352],\n",
       "       [0.07540682, 0.0601439 , 0.10155319, 0.25179743, 0.22518352,\n",
       "        0.05830391, 0.22313906, 0.90855916, 0.18830424, 0.09564294],\n",
       "       [0.37221051, 0.63268488, 0.48581398, 0.22518352, 0.21163675,\n",
       "        0.17259036, 0.02798088, 0.35518869, 0.0694553 , 0.23797866],\n",
       "       [0.15133028, 0.01622253, 0.04878894, 0.05830391, 0.17259036,\n",
       "        0.47787863, 0.02283856, 0.00909127, 0.01139812, 0.46327052],\n",
       "       [0.21970457, 0.12640736, 0.03334597, 0.22313906, 0.02798088,\n",
       "        0.02283856, 0.59579712, 0.66917328, 0.11655973, 0.42671035],\n",
       "       [0.0891975 , 0.22806645, 0.0164181 , 0.90855916, 0.35518869,\n",
       "        0.00909127, 0.66917328, 0.02894763, 0.22257615, 0.05593223],\n",
       "       [0.20876138, 0.64121449, 0.36728435, 0.18830424, 0.0694553 ,\n",
       "        0.01139812, 0.11655973, 0.22257615, 0.51525243, 0.18459198],\n",
       "       [0.04779306, 0.4180722 , 0.07718352, 0.09564294, 0.23797866,\n",
       "        0.46327052, 0.42671035, 0.05593223, 0.18459198, 0.00241356]])"
      ]
     },
     "execution_count": 33,
     "metadata": {},
     "output_type": "execute_result"
    }
   ],
   "source": [
    "#3.4: perform a matrix multiplication of A with it's transposed\n",
    "A * np.transpose(A)"
   ]
  },
  {
   "cell_type": "code",
   "execution_count": 25,
   "metadata": {},
   "outputs": [
    {
     "data": {
      "text/plain": [
       "array([[ 0.89256901, -1.04345871,  0.25521757, -0.23677389,  0.11346094,\n",
       "         2.08761153,  1.60488203, -1.82695364, -0.73950683, -1.21881985],\n",
       "       [ 2.13688223, -1.51110771, -0.81327218, -0.64384868,  1.27704884,\n",
       "        -0.50393955, -2.84745328,  2.42543886,  0.99742932, -0.74442231],\n",
       "       [-1.46914452, -0.39552028,  1.34481586,  0.66533144, -1.36482946,\n",
       "         1.59870365,  3.99111572, -2.65632575, -1.4833653 ,  0.34636952],\n",
       "       [-1.84236706,  1.38303805, -0.39479373, -0.56993587, -0.04357372,\n",
       "         0.50041134,  1.788018  , -1.06821162, -0.23046595,  0.87197867],\n",
       "       [ 1.01831979,  0.4701573 ,  0.70579641,  1.85848097,  2.25754045,\n",
       "        -1.98505741, -0.69345529, -1.1077695 , -0.79915096, -1.40733067],\n",
       "       [ 0.16777883,  2.07601547,  1.17599161,  0.73012156, -0.64636172,\n",
       "        -3.03763002, -0.73378132,  1.04328292, -0.25118043, -0.59528626],\n",
       "       [-0.68581693,  0.01289186,  1.34244822,  1.8874447 ,  0.44850924,\n",
       "        -0.39180905,  0.34316108, -0.26072988, -0.91514442, -1.14788792],\n",
       "       [ 0.18092205,  1.49776818, -2.88636388, -3.35048254,  0.0499762 ,\n",
       "         0.25855205, -3.26616168,  3.04781136,  1.04915111,  2.7993883 ],\n",
       "       [ 0.46082393, -1.45936004,  0.46558499,  0.1338205 , -0.13538075,\n",
       "        -0.55460836, -2.45195979,  1.88569684,  1.72817899,  0.41057535],\n",
       "       [ 0.22774494, -0.23536154, -1.43243779, -0.4273258 , -0.71967936,\n",
       "         1.25967419,  1.31685989, -0.8266874 ,  0.38077734,  0.62501019]])"
      ]
     },
     "execution_count": 25,
     "metadata": {},
     "output_type": "execute_result"
    }
   ],
   "source": [
    "#3.5: compute the matrix inverse of A\n",
    "np.linalg.inv(A)"
   ]
  },
  {
   "cell_type": "code",
   "execution_count": 29,
   "metadata": {},
   "outputs": [
    {
     "data": {
      "text/plain": [
       "array([[0.40306932, 0.26012013, 0.37734641, 0.42891628, 0.28396897,\n",
       "        0.38167694, 0.47006611, 0.29417988, 0.41188718, 0.43392305],\n",
       "       [0.47521774, 0.11710046, 0.20565482, 0.37267583, 0.35027513,\n",
       "        0.3707832 , 0.39537737, 0.28183114, 0.39949013, 0.36844388],\n",
       "       [0.42832754, 0.32335527, 0.32609795, 0.35241539, 0.37331506,\n",
       "        0.30626165, 0.35494198, 0.45168139, 0.49159186, 0.11785143],\n",
       "       [0.21926312, 0.06776877, 0.25004466, 0.12947467, 0.31426924,\n",
       "        0.27360724, 0.44878353, 0.34758809, 0.26938619, 0.44751661],\n",
       "       [0.41727086, 0.35340415, 0.26982197, 0.47484833, 0.48970997,\n",
       "        0.28399161, 0.41070457, 0.3299784 , 0.28955979, 0.30060873],\n",
       "       [0.46726276, 0.10833655, 0.24717212, 0.26003572, 0.21926818,\n",
       "        0.41318243, 0.47612563, 0.2860553 , 0.3981886 , 0.31971649],\n",
       "       [0.26886309, 0.47912636, 0.36275503, 0.45404257, 0.22028769,\n",
       "        0.28485347, 0.3606174 , 0.17094382, 0.43534735, 0.32298561],\n",
       "       [0.31196599, 0.46612916, 0.32441559, 0.35714291, 0.0679344 ,\n",
       "        0.28333074, 0.41897183, 0.38056197, 0.44201089, 0.29969491],\n",
       "       [0.33095232, 0.22566741, 0.00180822, 0.49715582, 0.2222087 ,\n",
       "        0.25158479, 0.238611  , 0.06430097, 0.49242453, 0.32709955],\n",
       "       [0.2172964 , 0.31408081, 0.45992654, 0.29937605, 0.30385936,\n",
       "        0.32886974, 0.31050761, 0.3008154 , 0.37577739, 0.26694607]])"
      ]
     },
     "execution_count": 29,
     "metadata": {},
     "output_type": "execute_result"
    }
   ],
   "source": [
    "#3.6: divide all entries of A which are lager than 0.5 by 2 (hint: use where() )\n",
    "np.where(A > 0.5, A/2, A)"
   ]
  },
  {
   "cell_type": "code",
   "execution_count": null,
   "metadata": {},
   "outputs": [],
   "source": []
  }
 ],
 "metadata": {
  "kernelspec": {
   "display_name": "Python 3",
   "language": "python",
   "name": "python3"
  },
  "language_info": {
   "codemirror_mode": {
    "name": "ipython",
    "version": 3
   },
   "file_extension": ".py",
   "mimetype": "text/x-python",
   "name": "python",
   "nbconvert_exporter": "python",
   "pygments_lexer": "ipython3",
   "version": "3.8.5"
  }
 },
 "nbformat": 4,
 "nbformat_minor": 4
}
